0.6451803104077906
0.7029760093325218
0.6962936193954149
0.6994699736254819
0.7007950395617772
0.6970797829174274
0.7143627003448975
0.6962682592818016
0.7021581456684926
0.6917351389734226
0.6921662609048488
0.7090941367417326
0.6860734936092513
0.7029443091905052
0.6901564719009942
0.7116238080746601
0.6941126496246703
0.6980751673767499
0.7080860722256035
0.6992290525461554
0.6933201460742544
0.7078831913166971
0.6997933150740515
0.7029696693041184
0.6931489653073646
0.7064883850679651
0.6974411645364171
0.7043137553256239
0.6909806755934266
0.6947212923513897
0.709043416514506
0.693313806045851
0.6962745993102049
0.7151869040373301
0.6961160986001218
0.7008077196185839
0.6992290525461554
0.6966613410428079
0.7070970277946845
0.7112370663420573
0.6970671028606208
0.7004273179143843
0.7008013795901805
0.6988423108135524
0.7041298945019273
0.7005984986812741
0.7049223980523432
0.6949178332318928
0.6953172550213025
0.6907777946845202
0.6966930411848246
0.7043581355244471
0.6939414688577805
0.7027921485088253
0.70142904240211
0.7055247007506593
0.6891927875836884
0.6935166869547575
0.6927432034895517
0.6934976668695476
0.7019869649016027
0.7147367620206938
0.6890025867315885
0.6852809900588355
0.7151742239805234
0.6943091905051735
0.6937132278352607
0.7005858186244674
0.6945247514708865
0.695520135930209
0.7069068269425847
0.6939351288293771
0.6921726009332522
0.7012261614932035
0.6939414688577805
0.6984619091093528
0.7045610164333537
0.7073062487319943
0.70137198214648
0.7084728139582065
0.69786594643944
0.7006492189085007
0.6970734428890241
0.7073125887603977
0.7035402718604179
0.699628474335565
0.7029950294177318
0.6986521099614525
0.6942965104483668
0.7057275816595658
0.6949241732602962
0.7021771657537026
0.6982400081152363
0.6965091803611281
0.6854775309393386
0.6964774802191114
0.7021708257252992
0.7059177825116656
0.7116174680462568
0.7078324710894704
