0.6878902327339604
0.6813420975733103
0.6780411451117797
0.6724564320636246
0.6675267556928238
0.6640734668797666
0.6523329484387763
0.6577100465132756
0.6536332754968847
0.6501124115110194
0.6471248643953096
0.6327194856397761
0.6424069640771398
0.6327851658347268
0.6372628107010944
0.6190122446549013
0.6290005664780455
0.624931942179518
0.6147750507360734
0.6199245732160484
0.6229080666536055
0.6116524001337448
0.614435575855603
0.6116145161337823
0.6154491524651365
0.6067277541700399
0.6127385605806075
0.6100747066098939
0.6160357315210426
0.6123213942320842
0.60094098306302
0.6154206153356804
0.6127248063402356
0.6011638847537011
0.6115083542634856
0.6092545794990828
0.6090642654295987
0.6117476789081622
0.6029460366417028
0.5975540194121547
0.6115360700484341
0.6060945819009025
0.6093615859559497
0.6103497917922038
0.6053360417578955
0.6067966636996599
0.6046349325644895
0.6109624207019806
0.6114943096847654
0.6170437272239782
0.6120113100645677
0.6039322157325985
0.6115788954233973
0.6055478209969383
0.6063673115751278
0.6039417571616623
0.6183226155410023
0.6145237854816629
0.6150253475087244
0.6154690390487887
0.6053120355186222
0.5981242392423018
0.6164652596479692
0.6203128929782964
0.5945347665615801
0.6145594845402915
0.6150422572339855
0.609569769797835
0.613247757437844
0.6130995407419385
0.6045380360300436
0.613892710996124
0.6167071396074955
0.6067166564599523
0.6139784901397033
0.6113597475132853
0.6064320896406593
0.6030076496631095
0.607966402604145
0.6031112176067425
0.6111877390048789
0.6090867843642924
0.6108995914084356
0.6038212226996632
0.6062135608316218
0.6101418604265969
0.6061899577671627
0.6092974566063791
0.6130185213478856
0.6034022097317677
0.6136434201924306
0.6051682196323227
0.6096406526535562
0.6119666118291939
0.6197770997038428
0.6124503348233565
0.6073382969172496
0.603881263320551
0.5994995448199458
0.6017482183264486
